
Iron, R0 =  7.873 g/cc

    m        U        D           P        R/R0      R         E-E0    Rem  Ref
  1.000    0.993    5.458      42.670     1.222    9.6239      0.493         1
  1.000    0.994    5.438      42.557     1.224    9.6340      0.494         1
  1.000    1.013    5.474      43.657     1.227    9.6608      0.513         1
  1.000    1.085    5.652      48.281     1.238    9.7434      0.589         1
  1.000    0.970    5.300      40.475     1.224    9.6367      0.470         2
  1.000    1.000    5.380      42.357     1.228    9.6705      0.500         2
  1.000    1.140    5.540      49.723     1.259    9.9128      0.650         2
  1.000    2.260    7.270     129.355     1.451   11.4245      2.554         2
  1.000    2.380    7.540     141.283     1.461   11.5043      2.832         2
  1.000    3.250    8.890     227.471     1.576   12.4097      5.281         2
  1.000    3.560    9.360     262.341     1.614   12.7054      6.337         2
  1.000    3.830    9.980     300.933     1.623   12.7760      7.334         2
  1.000    4.200   10.450     345.546     1.672   13.1637      8.820         2
  1.000    4.320   10.670     362.901     1.680   13.2291      9.331         2
  1.000    4.590   11.100     401.122     1.705   13.4240     10.534         2
  1.000    4.830   11.320     430.461     1.744   13.7323     11.664         2
  1.000    5.170   12.000     488.441     1.757   13.8325     13.364         2
  1.413    4.950   10.170     280.495     1.379   10.8555     12.251         2
  1.426    2.820    6.690     104.159     1.212    9.5441      3.976         2
  1.000    1.900    7.010     104.861     1.372   10.8003      1.805         3
  1.000    2.800    8.440     186.055     1.496   11.7816      3.920         3
  1.000    4.260   10.670     357.861     1.665   13.1053      9.074         3
  1.000    4.550   11.260     403.358     1.678   13.2116     10.351         3
  1.000    0.990    5.340      41.622     1.228    9.6648      0.490         4
  1.000    1.200    5.760      54.418     1.263    9.9448      0.720         4
  1.000    2.120    7.390     123.345     1.402   11.0401      2.247         4
  1.000    2.620    8.210     169.350     1.469   11.5630      3.432         4
  1.000    2.860    8.570     192.969     1.501   11.8164      4.090         4
  1.000    3.700    9.860     287.223     1.601   12.6019      6.845         4
  1.000    4.150   10.700     349.601     1.634   12.8612      8.611         4
  1.000    1.090    5.570      47.799     1.243    9.7885      0.594         5
  1.000    1.640    6.540      84.443     1.335   10.5080      1.345         5
  1.000    1.660    6.570      85.865     1.338   10.5347      1.378         5
  1.000    1.740    6.650      91.099     1.354   10.6630      1.514         5
  1.000    1.790    6.710      94.562     1.364   10.7374      1.602         5
  1.000    1.860    6.630      97.088     1.390   10.9430      1.730         5
  1.000    1.890    6.890     102.523     1.378   10.8490      1.786         5
  1.000    1.890    6.950     103.416     1.374   10.8137      1.786         5
  1.000    2.170    7.420     126.766     1.413   11.1272      2.354         5
  1.000    2.190    7.420     127.935     1.419   11.1697      2.398         5
  1.000    2.320    7.660     139.913     1.434   11.2935      2.691         5
  1.000    2.340    7.580     139.645     1.447   11.3888      2.738         5
  1.000    2.570    8.000     161.869     1.473   11.5993      3.302         5
  1.000    2.680    8.200     173.017     1.486   11.6954      3.591         5
  1.000    2.680    8.220     173.439     1.484   11.6816      3.591         5
  1.000    7.340   15.100     872.596     1.946   15.3199     26.938         6
  1.000    1.970    7.060     109.499     1.387   10.9201      1.940         7
  1.000    1.990    7.180     112.491     1.383   10.8917      1.980         7
  1.000    2.050    6.990     112.816     1.415   11.1401      2.101         7
  1.000    2.630    8.080     167.304     1.483   11.6723      3.458         7
  1.000    2.700    8.110     172.395     1.499   11.8022      3.645         7
  1.000    2.750    7.900     171.041     1.534   12.0770      3.781         7
  1.000    2.750    8.070     174.722     1.517   11.9427      3.781         7
  1.000    3.880   10.130     309.444     1.621   12.7606      7.527         7
  1.000    4.090   10.660     343.258     1.623   12.7742      8.364         7
  1.000    4.320   10.900     370.724     1.657   13.0419      9.331         7
  1.000    7.340   15.100     872.596     1.946   15.3199     26.938         8
  1.000    7.520   15.150     896.955     1.986   15.6325     28.275         8
  1.000    7.710   15.500     940.863     1.990   15.6651     29.722         8
  1.000    1.074    5.684      48.062     1.233    9.7072      0.577         9
  1.000    1.382    6.247      67.970     1.284   10.1095      0.955         9
  1.000    1.469    6.474      74.875     1.294   10.1838      1.079         9
  1.000    1.861    6.983     102.313     1.363   10.7335      1.732         9
  1.000    1.902    6.996     104.761     1.373   10.8126      1.809         9
  1.000    1.997    7.177     112.840     1.386   10.9082      1.994         9
  1.000    2.525    8.056     160.148     1.457   11.4672      3.188         9
  1.000    2.922    8.541     196.485     1.520   11.9671      4.269         9
  1.000    3.568    9.742     273.661     1.578   12.4229      6.365         9
  1.000   15.470   25.700    3130.140     2.512   19.7787    119.660    1   10
  1.000    0.570    4.840      21.720     1.133    8.9240      0.162        11
  1.000    0.900    5.220      36.987     1.208    9.5132      0.405        11
  1.000    0.910    5.170      37.040     1.214    9.5548      0.414        11
  1.000    0.950    5.330      39.865     1.217    9.5806      0.451        11
  1.000    0.970    5.370      41.010     1.220    9.6086      0.470        11
  1.000    0.970    5.390      41.163     1.219    9.6008      0.470        11
  1.000    0.980    5.340      41.201     1.225    9.6426      0.480        11
  1.000    0.990    5.250      40.920     1.232    9.7026      0.490        11
  1.000    0.990    5.410      42.167     1.224    9.6364      0.490        11
  1.000    1.000    5.460      42.987     1.224    9.6382      0.500        11
  1.000    1.010    5.410      43.019     1.230    9.6802      0.510        11
  1.000    1.060    5.490      45.816     1.239    9.7568      0.562        11
  1.000    1.060    5.520      46.067     1.238    9.7442      0.562        11
  1.000    1.060    5.560      46.400     1.236    9.7275      0.562        11
  1.000    1.060    5.580      46.567     1.235    9.7193      0.562        11
  1.000    1.070    5.480      46.164     1.243    9.7832      0.572        11
  1.000    1.070    5.480      46.164     1.243    9.7832      0.572        11
  1.000    1.100    5.490      47.545     1.251    9.8457      0.605        11
  1.000    1.100    5.520      47.805     1.249    9.8323      0.605        11
  1.000    1.100    5.620      48.671     1.243    9.7890      0.605        11
  1.000    1.180    5.660      52.582     1.263    9.9467      0.696        11
  1.000    1.180    5.670      52.675     1.263    9.9421      0.696        11
  1.000    1.300    5.950      60.898     1.280   10.0741      0.845        11
  1.000    1.300    5.970      61.102     1.278   10.0646      0.845        11
  1.000    1.390    6.170      67.521     1.291   10.1624      0.966        11
  1.000    1.390    6.180      67.631     1.290   10.1576      0.966        11
  1.000    1.410    6.200      68.826     1.294   10.1905      0.994        11
  1.000    1.420    6.250      69.873     1.294   10.1876      1.008        11
  1.000    1.430    6.200      69.802     1.300   10.2332      1.022        11
  1.000    1.440    6.240      70.744     1.300   10.2349      1.037        11
  1.000    1.460    6.240      71.726     1.305   10.2777      1.066        11
  1.000    1.540    6.330      76.748     1.322   10.4042      1.186        11
  1.000    1.540    6.350      76.990     1.320   10.3937      1.186        11
  1.000    1.540    6.390      77.475     1.318   10.3729      1.186        11
  1.000    1.540    6.400      77.596     1.317   10.3677      1.186        11
  1.000    1.650    6.580      85.477     1.335   10.5080      1.361        11
  1.000    1.700    6.580      88.067     1.348   10.6156      1.445        11
  1.000    1.730    6.660      90.711     1.351   10.6357      1.496        11
  1.000    1.770    6.740      93.923     1.356   10.6769      1.566        11
  1.000    1.780    6.740      94.454     1.359   10.6984      1.584        11
  1.000    1.850    6.930     100.936     1.364   10.7401      1.711        11
  1.000    1.860    6.860     100.456     1.372   10.8018      1.730        11
  1.000    1.960    6.840     105.549     1.402   11.0351      1.921        11
  1.000    1.960    7.070     109.098     1.384   10.8928      1.921        11
  1.000    1.980    7.080     110.367     1.388   10.9296      1.960        11
  1.000    1.990    7.150     112.021     1.386   10.9093      1.980        11
  1.000    2.070    7.290     118.806     1.397   10.9951      2.142        11
  1.000    2.070    7.470     121.740     1.383   10.8910      2.142        11
  1.000    2.080    7.260     118.889     1.402   11.0344      2.163        11
  1.000    2.150    7.450     126.106     1.406   11.0668      2.311        11
  1.000    2.230    7.490     131.500     1.424   11.2108      2.486        11
  1.000    2.250    7.560     133.920     1.424   11.2090      2.531        11
  1.000    2.260    7.460     132.736     1.435   11.2947      2.554        11
  1.000    2.260    7.550     134.337     1.427   11.2365      2.554        11
  1.000    2.260    7.580     134.871     1.425   11.2175      2.554        11
  1.000    2.270    7.560     135.110     1.429   11.2514      2.576        11
  1.000    2.280    7.620     136.782     1.427   11.2345      2.599        11
  1.000    2.300    7.510     135.990     1.441   11.3486      2.645        11
  1.000    2.340    7.800     143.698     1.429   11.2471      2.738        11
  1.000    2.350    7.750     143.387     1.435   11.2992      2.761        11
  1.000    2.370    7.740     144.421     1.441   11.3477      2.808        11
  1.000    2.370    7.740     144.421     1.441   11.3477      2.808        11
  1.000    2.370    7.740     144.421     1.441   11.3477      2.808        11
  1.000    2.440    7.810     150.031     1.454   11.4503      2.977        11
  1.000    2.460    7.900     153.004     1.452   11.4332      3.026        11
  1.000    2.490    8.080     158.399     1.445   11.3799      3.100        11
  1.000    2.550    8.030     161.212     1.465   11.5365      3.251        11
  1.000    2.560    8.170     164.665     1.456   11.4657      3.277        11
  1.000    2.570    8.090     163.690     1.466   11.5385      3.302        11
  1.000    2.580    8.170     165.952     1.462   11.5067      3.328        11
  1.000    2.590    8.050     164.148     1.474   11.6076      3.354        11
  1.000    2.590    8.110     165.372     1.469   11.5670      3.354        11
  1.000    2.610    8.090     166.238     1.476   11.6227      3.406        11
  1.000    2.620    8.010     165.224     1.486   11.6999      3.432        11
  1.000    2.720    8.230     176.242     1.494   11.7595      3.699        11
  1.000    2.720    8.240     176.456     1.493   11.7524      3.699        11
  1.000    2.730    8.260     177.535     1.494   11.7597      3.726        11
  1.000    2.730    8.320     178.824     1.488   11.7180      3.726        11
  1.000    2.820    8.310     184.498     1.514   11.9171      3.976        11
  1.000    2.830    8.550     190.499     1.495   11.7682      4.004        11
  1.000    2.890    8.490     193.173     1.516   11.9360      4.176        11
  1.000    2.970    8.660     202.495     1.522   11.9825      4.410        11
  1.000    3.060    8.810     212.245     1.532   12.0628      4.682        11
  1.000    3.120    8.940     219.600     1.536   12.0936      4.867        11
  1.000    3.180    8.990     225.075     1.547   12.1821      5.056        11
  1.000    3.190    9.100     228.545     1.540   12.1226      5.088        11
  1.000    3.350    9.240     243.701     1.569   12.3509      5.611        11
  1.000    3.360    9.280     245.487     1.568   12.3415      5.645        11
  1.000    3.590    9.510     268.791     1.606   12.6473      6.444        11
  1.128    0.570    3.210      12.768     1.078    8.4846      0.162        11
  1.128    0.700    3.260      15.924     1.129    8.8860      0.245        11
  1.128    0.700    3.370      16.461     1.119    8.8074      0.245        11
  1.128    0.790    3.470      19.129     1.148    9.0349      0.312        11
  1.128    0.850    3.570      21.175     1.163    9.1586      0.361        11
  1.128    1.150    4.420      35.469     1.198    9.4320      0.661        11
  1.128    1.430    5.290      52.787     1.215    9.5631      1.022        11
  1.128    1.450    5.140      52.007     1.235    9.7200      1.051        11
  1.128    1.570    5.420      59.379     1.248    9.8236      1.232        11
  1.128    1.650    5.510      63.441     1.265    9.9608      1.361        11
  1.128    1.770    6.140      75.836     1.245    9.8043      1.566        11
  1.128    1.840    5.900      75.753     1.288   10.1404      1.693        11
  1.128    1.860    5.920      76.836     1.292   10.1748      1.730        11
  1.128    1.950    6.240      84.908     1.289   10.1498      1.901        11
  1.128    2.010    6.290      88.222     1.303   10.2551      2.020        11
  1.128    2.050    6.300      90.121     1.314   10.3439      2.101        11
  1.128    2.090    6.430      93.775     1.313   10.3384      2.184        11
  1.128    2.440    6.940     118.163     1.367   10.7616      2.977        11
  1.128    2.800    7.600     148.492     1.403   11.0485      3.920        11
  1.128    3.010    7.930     166.560     1.429   11.2471      4.530        11
  1.128    3.050    8.070     171.753     1.425   11.2176      4.651        11
  1.128    3.130    7.990     174.511     1.457   11.4721      4.898        11
  1.315    0.540    2.240       7.241     1.002    7.8874      0.146        11
  1.315    0.650    2.440       9.494     1.036    8.1597      0.211        11
  1.315    0.790    2.740      12.957     1.068    8.4111      0.312        11
  1.315    0.940    3.030      17.049     1.102    8.6783      0.442        11
  1.315    1.120    3.620      24.270     1.101    8.6677      0.627        11
  1.315    1.230    4.020      29.598     1.096    8.6250      0.756        11
  1.315    1.560    4.680      43.703     1.140    8.9790      1.217        11
  1.315    1.700    4.970      50.576     1.156    9.0980      1.445        11
  1.315    2.000    5.500      65.846     1.195    9.4066      2.000        11
  1.315    2.190    5.730      75.117     1.231    9.6892      2.398        11
  1.315    2.280    5.910      80.660     1.238    9.7458      2.599        11
  1.315    2.630    6.620     104.220     1.261    9.9317      3.458        11
  1.315    2.980    7.220     128.792     1.295   10.1931      4.440        11
  1.315    3.330    7.580     151.095     1.356   10.6762      5.544        11
  1.660    0.590    1.770       4.953     0.904    7.1145      0.174        11
  1.660    0.720    1.930       6.591     0.961    7.5653      0.259        11
  1.660    0.860    2.350       9.586     0.950    7.4806      0.370        11
  1.660    0.960    2.480      11.292     0.983    7.7386      0.461        11
  1.660    1.060    2.440      12.267     1.065    8.3862      0.562        11
  1.660    1.130    2.760      14.793     1.020    8.0311      0.638        11
  1.660    1.260    2.930      17.510     1.057    8.3216      0.794        11
  1.660    1.430    3.200      21.704     1.089    8.5749      1.022        11
  1.660    1.740    4.230      34.910     1.023    8.0574      1.514        11
  1.660    1.770    3.990      33.497     1.083    8.5246      1.566        11
  1.660    1.910    4.290      38.864     1.086    8.5494      1.824        11
  1.660    1.950    4.570      42.267     1.051    8.2731      1.901        11
  1.660    2.190    5.050      52.455     1.064    8.3749      2.398        11
  1.660    2.190    5.080      52.767     1.059    8.3372      2.398        11
  1.660    2.380    5.270      59.490     1.099    8.6490      2.832        11
  1.660    2.440    5.330      61.684     1.111    8.7475      2.977        11
  1.660    2.510    5.430      64.644     1.120    8.8200      3.150        11
  1.660    2.850    6.070      82.052     1.136    8.9410      4.061        11
  1.660    3.530    7.160     119.878     1.188    9.3553      6.230        11
  1.660    3.580    7.350     124.803     1.175    9.2470      6.408        11
  2.333    0.640    1.410       3.045     0.785    6.1784      0.205        11
  2.333    0.940    1.500       4.757     1.148    9.0375      0.442        11
  2.333    1.050    2.140       7.581     0.841    6.6242      0.551        11
  2.333    1.070    1.970       7.112     0.938    7.3853      0.572        11
  2.333    1.180    1.970       7.843     1.069    8.4136      0.696        11
  2.333    1.240    2.300       9.623     0.930    7.3209      0.769        11
  2.333    1.650    2.830      15.755     1.028    8.0919      1.361        11
  2.333    1.960    3.590      23.741     0.944    7.4311      1.921        11
  2.333    2.010    3.490      23.668     1.011    7.9563      2.020        11
  2.333    2.160    4.050      29.516     0.918    7.2300      2.333        11
  2.333    2.370    4.650      37.183     0.874    6.8812      2.808        11
  2.333    2.480    4.450      37.236     0.968    7.6215      3.075        11
  2.333    2.510    4.240      35.908     1.050    8.2692      3.150        11
  2.333    2.700    4.730      43.089     0.999    7.8616      3.645        11
  2.333    2.730    4.870      44.858     0.975    7.6782      3.726        11
  2.333    3.160    5.620      59.920     0.979    7.7081      4.993        11
  2.333    3.160    5.630      60.026     0.977    7.6905      4.993        11
  2.333    3.470    6.340      74.227     0.947    7.4534      6.020        11
  2.333    3.650    6.290      77.462     1.021    8.0388      6.661        11
  2.333    3.950    6.820      90.892     1.018    8.0177      7.801        11
  1.000   20.350   31.900    5110.876     2.762   21.7445    207.061    1   12
  1.000    0.970    5.300      40.475     1.224    9.6367      0.470        13
  1.000    1.000    5.380      42.357     1.228    9.6705      0.500        13
  1.000    1.140    5.540      49.723     1.259    9.9128      0.650        13
  1.000    1.900    7.010     104.861     1.372   10.8003      1.805        13
  1.000    2.800    8.440     186.055     1.496   11.7816      3.920        13
  1.000    3.210    8.890     224.671     1.565   12.3224      5.152        13
  1.000    3.510    9.360     258.656     1.600   12.5968      6.160        13
  1.000    3.770    9.980     296.219     1.607   12.6526      7.106        13
  1.000    4.140   10.450     340.610     1.656   13.0385      8.570        13
  1.000    4.260   10.670     357.861     1.665   13.1053      9.074        13
  1.000    4.520   11.100     395.004     1.687   13.2812     10.215        13
  1.000    4.550   11.260     403.358     1.678   13.2116     10.351        13
  1.000    4.760   11.320     424.223     1.726   13.5857     11.329        13
  1.000    5.100   12.000     481.828     1.739   13.6922     13.005        13
  1.000    7.340   15.000     866.817     1.958   15.4171     26.938        13
  1.000    7.520   15.160     897.547     1.984   15.6223     28.275        13
  1.000    7.720   15.500     942.083     1.992   15.6853     29.799        13
  1.000   16.080   25.700    3253.565     2.672   21.0329    129.283    1   14
  1.000   21.270   31.900    5341.933     3.001   23.6264    226.206    1   14
  1.002    0.000    4.595       0.000     0.998    7.8573     -0.000        15
  1.002    0.573    4.838      21.782     1.132    8.9129      0.164        15
  1.002    0.763    4.913      29.454     1.181    9.3019      0.291        15
  1.002    0.867    5.144      35.042     1.200    9.4501      0.376        15
  1.002    0.867    5.147      35.063     1.200    9.4489      0.376        15
  1.002    0.876    5.168      35.571     1.202    9.4610      0.384        15
  1.002    0.881    5.190      35.927     1.202    9.4638      0.388        15
  1.002    0.884    5.166      35.882     1.204    9.4794      0.391        15
  1.002    0.903    5.225      37.072     1.207    9.4989      0.408        15
  1.002    0.906    5.172      36.818     1.210    9.5260      0.410        15
  1.002    0.948    5.328      39.687     1.214    9.5579      0.449        15
  1.002    0.952    5.360      40.094     1.214    9.5542      0.453        15
  1.002    0.968    5.393      41.018     1.216    9.5761      0.469        15
  1.002    0.969    5.373      40.909     1.218    9.5861      0.469        15
  1.002    0.984    5.339      41.279     1.224    9.6326      0.484        15
  1.002    0.988    5.408      41.982     1.221    9.6136      0.488        15
  1.002    0.989    5.252      40.813     1.230    9.6801      0.489        15
  1.002    0.995    5.443      42.553     1.221    9.6149      0.495        15
  1.002    0.998    5.458      42.799     1.221    9.6155      0.498        15
  1.002    1.008    5.414      42.880     1.226    9.6549      0.508        15
  1.002    1.060    5.584      46.508     1.232    9.6983      0.562        15
  1.002    1.061    5.491      45.776     1.237    9.7391      0.563        15
  1.002    1.063    5.518      46.088     1.236    9.7321      0.565        15
  1.002    1.064    5.556      46.449     1.234    9.7184      0.566        15
  1.002    1.069    5.480      46.029     1.240    9.7615      0.571        15
  1.002    1.069    5.484      46.063     1.240    9.7598      0.571        15
  1.002    1.069    5.584      46.903     1.234    9.7176      0.571        15
  1.002    1.096    5.516      47.502     1.245    9.8056      0.601        15
  1.002    1.098    5.493      47.390     1.247    9.8203      0.603        15
  1.002    1.102    5.620      48.662     1.241    9.7738      0.607        15
  1.002    1.184    5.673      52.776     1.261    9.9297      0.701        15
  1.002    1.185    5.661      52.709     1.262    9.9375      0.702        15
  1.002    1.298    5.972      60.907     1.275   10.0393      0.842        15
  1.002    1.303    5.953      60.947     1.278   10.0590      0.849        15
  1.002    1.391    6.183      67.577     1.288   10.1381      0.967        15
  1.002    1.392    6.172      67.505     1.289   10.1454      0.969        15
  1.002    1.413    6.200      68.835     1.293   10.1766      0.998        15
  1.002    1.421    6.253      69.816     1.291   10.1680      1.010        15
  1.002    1.433    6.204      69.854     1.298   10.2173      1.027        15
  1.002    1.445    6.240      70.848     1.299   10.2251      1.044        15
  1.002    1.460    6.239      71.572     1.303   10.2577      1.066        15
  1.002    1.541    6.348      76.862     1.318   10.3761      1.187        15
  1.002    1.543    6.332      76.768     1.320   10.3889      1.190        15
  1.002    1.543    6.403      77.629     1.315   10.3519      1.190        15
  1.002    1.545    6.388      77.547     1.316   10.3639      1.194        15
  1.002    1.624    6.464      82.482     1.333   10.4937      1.319        15
  1.002    1.644    6.495      83.898     1.336   10.5201      1.351        15
  1.002    1.649    6.579      85.242     1.332   10.4854      1.360        15
  1.002    1.699    6.584      87.893     1.345   10.5900      1.443        15
  1.002    1.726    6.571      89.114     1.354   10.6564      1.490        15
  1.002    1.734    6.663      90.780     1.349   10.6214      1.503        15
  1.002    1.768    6.741      93.644     1.353   10.6507      1.563        15
  1.002    1.771    6.629      92.244     1.362   10.7217      1.568        15
  1.002    1.778    6.744      94.215     1.355   10.6705      1.581        15
  1.002    1.840    6.551      94.711     1.388   10.9261      1.693        15
  1.002    1.848    6.933     100.669     1.361   10.7128      1.708        15
  1.002    1.860    6.862     100.285     1.369   10.7790      1.730        15
  1.002    1.863    6.842     100.154     1.371   10.7973      1.735        15
  1.002    1.871    6.810     100.114     1.376   10.8338      1.750        15
  1.002    1.872    6.867     101.006     1.372   10.8020      1.752        15
  1.002    1.957    7.072     108.744     1.380   10.8635      1.915        15
  1.002    1.982    7.076     110.196     1.386   10.9144      1.964        15
  1.002    1.990    7.153     111.844     1.383   10.8858      1.980        15
  1.002    2.066    7.469     121.246     1.380   10.8618      2.134        15
  1.002    2.074    7.291     118.814     1.395   10.9809      2.151        15
  1.002    2.081    7.259     118.692     1.399   11.0151      2.165        15
  1.002    2.150    7.334     123.895     1.412   11.1160      2.311        15
  1.002    2.153    7.450     126.030     1.404   11.0509      2.318        15
  1.002    2.166    7.326     124.680     1.417   11.1555      2.346        15
  1.002    2.229    7.486     131.109     1.421   11.1888      2.484        15
  1.002    2.250    7.556     133.582     1.421   11.1892      2.531        15
  1.002    2.258    7.582     134.518     1.421   11.1897      2.549        15
  1.002    2.261    7.462     132.565     1.432   11.2730      2.556        15
  1.002    2.263    7.552     134.282     1.425   11.2192      2.561        15
  1.002    2.273    7.559     135.001     1.427   11.2359      2.583        15
  1.002    2.283    7.621     136.707     1.425   11.2178      2.606        15
  1.002    2.296    7.513     135.537     1.437   11.3153      2.636        15
  1.002    2.297    7.566     136.553     1.433   11.2826      2.638        15
  1.002    2.312    7.493     136.118     1.443   11.3636      2.673        15
  1.002    2.338    7.800     143.289     1.425   11.2206      2.733        15
  1.002    2.346    7.749     142.839     1.431   11.2689      2.752        15
  1.002    2.371    7.738     144.156     1.439   11.3284      2.811        15
  1.002    2.371    7.739     144.175     1.439   11.3278      2.811        15
  1.002    2.443    7.806     149.839     1.453   11.4365      2.984        15
  1.002    2.459    7.896     152.559     1.449   11.4109      3.023        15
  1.002    2.498    8.085     158.688     1.444   11.3704      3.120        15
  1.002    2.520    8.070     159.789     1.451   11.4249      3.175        15
  1.002    2.545    7.907     158.115     1.472   11.5866      3.239        15
  1.002    2.547    8.028     160.660     1.462   11.5085      3.244        15
  1.002    2.561    8.167     164.341     1.454   11.4467      3.279        15
  1.002    2.574    8.092     163.658     1.464   11.5225      3.313        15
  1.002    2.584    8.168     165.837     1.460   11.4932      3.339        15
  1.002    2.587    8.047     163.570     1.471   11.5801      3.346        15
  1.002    2.594    8.110     165.296     1.467   11.5523      3.364        15
  1.002    2.613    8.088     166.056     1.474   11.6073      3.414        15
  1.002    2.617    8.015     164.809     1.482   11.6666      3.424        15
  1.002    2.646    8.122     168.860     1.480   11.6539      3.501        15
  1.002    2.654    8.102     168.953     1.484   11.6850      3.522        15
  1.002    2.717    8.245     176.016     1.489   11.7191      3.691        15
  1.002    2.720    8.226     175.805     1.491   11.7388      3.699        15
  1.002    2.727    8.322     178.314     1.484   11.6869      3.718        15
  1.002    2.733    8.262     177.418     1.491   11.7412      3.735        15
  1.002    2.821    8.312     184.239     1.511   11.8940      3.979        15
  1.002    2.834    8.554     190.477     1.492   11.7502      4.016        15
  1.002    2.889    8.494     192.811     1.512   11.9072      4.173        15
  1.002    2.973    8.665     202.412     1.519   11.9612      4.419        15
  1.002    3.056    8.808     211.497     1.528   12.0318      4.670        15
  1.002    3.116    8.936     218.783     1.532   12.0640      4.855        15
  1.002    3.178    8.990     224.484     1.544   12.1536      5.050        15
  1.002    3.188    9.098     227.896     1.536   12.0957      5.082        15
  1.002    3.352    9.236     243.254     1.567   12.3334      5.618        15
  1.002    3.361    9.279     245.043     1.565   12.3197      5.648        15
  1.002    3.586    9.507     267.871     1.602   12.6160      6.430        15
  1.002    4.050   10.200     324.585     1.655   13.0316      8.201        15
  1.002    4.070   10.350     330.984     1.645   12.9495      8.282        15
  1.129    0.000    4.090       0.000     0.886    6.9734      0.000    2   15
  1.129    0.569    3.214      12.753     1.076    8.4736      0.162    2   15
  1.129    0.698    3.259      15.863     1.127    8.8740      0.244    2   15
  1.129    0.702    3.366      16.478     1.119    8.8110      0.246    2   15
  1.129    0.786    3.474      19.041     1.145    9.0125      0.309    2   15
  1.129    0.850    3.573      21.179     1.162    9.1502      0.361    2   15
  1.129    1.153    4.425      35.579     1.198    9.4308      0.665    2   15
  1.129    1.427    5.290      52.641     1.213    9.5494      1.018    2   15
  1.129    1.453    5.137      52.050     1.235    9.7238      1.056    2   15
  1.129    1.566    5.424      59.232     1.245    9.8040      1.226    2   15
  1.129    1.648    5.514      63.368     1.263    9.9461      1.358    2   15
  1.129    1.838    5.898      75.596     1.287   10.1304      1.689    2   15
  1.129    1.864    5.922      76.977     1.293   10.1766      1.737    2   15
  1.129    1.954    6.243      85.068     1.289   10.1504      1.909    2   15
  1.129    2.010    6.291      88.178     1.302   10.2476      2.020    2   15
  1.129    2.049    6.298      89.989     1.313   10.3362      2.099    2   15
  1.129    2.090    6.429      93.699     1.312   10.3324      2.184    2   15
  1.129    2.440    6.937     118.034     1.366   10.7571      2.977    2   15
  1.129    2.800    7.596     148.317     1.403   11.0447      3.920    2   15
  1.129    3.010    7.932     166.493     1.427   11.2380      4.530    2   15
  1.129    3.054    8.071     171.887     1.425   11.2184      4.663    2   15
  1.129    3.131    7.994     174.540     1.456   11.4632      4.902    2   15
  1.316    0.000    3.635       0.000     0.760    5.9825      0.000    2   15
  1.316    0.537    2.238       7.190     1.000    7.8712      0.144    2   15
  1.316    0.647    2.441       9.448     1.034    8.1401      0.209    2   15
  1.316    0.788    2.742      12.927     1.066    8.3951      0.310    2   15
  1.316    0.941    3.031      17.063     1.102    8.6761      0.443    2   15
  1.316    1.118    3.621      24.219     1.099    8.6547      0.625    2   15
  1.316    1.249    4.021      30.046     1.102    8.6781      0.780    2   15
  1.316    1.565    4.685      43.864     1.141    8.9834      1.225    2   15
  1.316    1.696    4.975      50.478     1.153    9.0769      1.438    2   15
  1.316    2.003    5.498      65.883     1.195    9.4111      2.006    2   15
  1.316    2.189    5.732      75.065     1.229    9.6788      2.396    2   15
  1.316    2.276    5.915      80.540     1.235    9.7243      2.590    2   15
  1.316    2.632    6.620     104.239     1.261    9.9309      3.464    2   15
  1.316    2.985    7.220     128.934     1.295   10.1992      4.455    2   15
  1.316    3.333    7.584     151.223     1.356   10.6731      5.554    2   15
  1.660    0.591    1.767       4.953     0.905    7.1263      0.175    2   15
  1.660    0.722    1.932       6.616     0.962    7.5728      0.261    2   15
  1.660    0.862    2.352       9.616     0.951    7.4866      0.372    2   15
  1.660    0.962    2.484      11.333     0.983    7.7405      0.463    2   15
  1.660    1.058    2.439      12.239     1.064    8.3763      0.560    2   15
  1.660    1.132    2.756      14.797     1.022    8.0487      0.641    2   15
  1.660    1.262    2.934      17.561     1.057    8.3225      0.796    2   15
  1.660    1.428    3.201      21.679     1.088    8.5627      1.020    2   15
  1.660    1.738    4.227      34.843     1.023    8.0545      1.510    2   15
  1.660    1.769    3.991      33.484     1.082    8.5186      1.565    2   15
  1.660    1.910    4.294      38.898     1.085    8.5426      1.824    2   15
  1.660    1.910    4.294      38.898     1.085    8.5426      1.824    2   15
  1.660    1.965    4.566      42.553     1.058    8.3258      1.931    2   15
  1.660    2.186    5.052      52.378     1.062    8.3603      2.389    2   15
  1.660    2.194    5.082      52.882     1.060    8.3458      2.407    2   15
  1.660    2.377    5.275      59.468     1.097    8.6329      2.825    2   15
  1.660    2.444    5.331      61.793     1.112    8.7578      2.987    2   15
  1.660    2.515    5.430      64.770     1.122    8.8347      3.163    2   15
  1.660    2.852    6.073      82.146     1.136    8.9422      4.067    2   15
  1.660    3.526    7.163     119.787     1.186    9.3408      6.216    2   15
  1.660    3.580    7.355     124.882     1.174    9.2406      6.408    2   15
  2.338    0.644    1.407       3.051     0.789    6.2096      0.207    2   15
  2.338    0.940    1.505       4.764     1.139    8.9698      0.442    2   15
  2.338    1.048    2.144       7.566     0.837    6.5873      0.549    2   15
  2.338    1.073    1.967       7.107     0.941    7.4091      0.576    2   15
  2.338    1.185    1.967       7.849     1.076    8.4702      0.702    2   15
  2.338    1.245    2.296       9.626     0.934    7.3564      0.775    2   15
  2.338    1.552    3.459      18.078     0.776    6.1080      1.204    2   15
  2.338    1.651    2.834      15.756     1.025    8.0670      1.363    2   15
  2.338    1.962    3.590      23.719     0.943    7.4257      1.925    2   15
  2.338    2.015    3.493      23.701     1.011    7.9583      2.030    2   15
  2.338    2.160    4.046      29.429     0.918    7.2240      2.333    2   15
  2.338    2.368    4.647      37.055     0.872    6.8663      2.804    2   15
  2.338    2.482    4.449      37.184     0.967    7.6165      3.080    2   15
  2.338    2.514    4.236      35.861     1.052    8.2836      3.160    2   15
  2.338    2.701    4.734      43.058     0.996    7.8413      3.648    2   15
  2.338    2.730    4.874      44.807     0.972    7.6552      3.726    2   15
  2.338    3.158    5.622      59.786     0.976    7.6833      4.986    2   15
  2.338    3.164    5.630      59.985     0.976    7.6880      5.005    2   15
  2.338    3.473    6.342      74.170     0.945    7.4437      6.031    2   15
  2.338    3.646    6.295      77.287     1.016    8.0022      6.647    2   15
  2.338    3.946    6.823      90.663     1.014    7.9860      7.785    2   15
  1.000    7.800   15.720     965.356     1.985   15.6267     30.420        16
  1.000    9.700   17.740    1354.770     2.206   17.3715     47.045        16
  1.000   21.730   33.470    5726.057     2.851   22.4454    236.096        17
  1.830    0.598    1.434       3.689     0.937    7.3796      0.179        18
  1.830    0.974    2.190       9.177     0.984    7.7482      0.474        18
  1.830    1.335    2.870      16.484     1.022    8.0438      0.891        18
  1.830    1.635    3.550      24.971     1.013    7.9753      1.337        18
  1.830    2.710    5.550      64.707     1.068    8.4074      3.672        18
  1.830    3.140    6.320      85.376     1.086    8.5503      4.930        18
  1.830    3.220    6.480      89.768     1.086    8.5516      5.184        18
  1.830    3.590    7.140     110.276     1.099    8.6528      6.444        18
  1.830    5.610   10.410     251.248     1.185    9.3304     15.736        18
  2.910    0.646    1.092       1.909     0.841    6.6242      0.209        18
  2.910    1.160    1.870       5.869     0.905    7.1257      0.673        18
  2.910    1.610    2.540      11.064     0.939    7.3892      1.296        18
  2.910    1.980    3.150      16.874     0.925    7.2840      1.960        18
  2.910    3.270    5.380      47.597     0.876    6.8984      5.346        18
  2.910    3.840    6.460      67.114     0.847    6.6708      7.373        18
  2.910    4.250    7.080      81.409     0.860    6.7685      9.031        18
  2.910    4.270    7.160      82.716     0.851    6.7029      9.116        18
  1.727    5.130    9.660     225.975     1.235    9.7240     13.158        19
  1.785    2.720    5.470      65.614     1.114    8.7719      3.699        19
  1.814    1.950    3.850      32.583     1.117    8.7942      1.901        19
  1.827    9.100   14.850     582.432     1.414   11.1310     41.405        19
  1.835    1.700    3.440      25.088     1.077    8.4814      1.445        19
  1.835    3.150    6.320      85.405     1.086    8.5529      4.961        19
  1.835    5.220    9.510     212.965     1.208    9.5100     13.624        19
  1.883    1.750    3.570      26.115     1.041    8.1992      1.531        19
  2.218    5.520    9.280     181.851     1.113    8.7617     15.235        19
  2.460    3.130    5.240      52.484     1.009    7.9469      4.898        19
  2.499    3.330    5.460      57.273     1.026    8.0746      5.544        19
  2.905   10.750   15.870     462.333     1.067    8.3999     57.781        19
  2.999    2.050    3.210      17.274     0.923    7.2640      2.101        19
  3.027    5.460    9.460     134.346     0.781    6.1514     14.906        19
  3.280   15.520   22.350     832.493     0.998    7.8536    120.435    3   19
  3.468   21.540   28.620    1399.398     1.166    9.1762    231.986    3   19
  1.000    2.570    8.000     161.869     1.473   11.5993      3.302        20
  1.000    3.160    8.950     222.664     1.546   12.1698      4.993        20
  1.000    3.680    9.670     280.166     1.614   12.7098      6.771        20
  1.000    4.110   10.500     339.759     1.643   12.9369      8.446        20
  1.000    4.300   10.730     363.252     1.669   13.1380      9.245        20
  1.000    4.600   11.110     402.358     1.707   13.4361     10.580        20
  1.000    4.900   11.510     444.029     1.741   13.7093     12.005        20
  1.000   18.250   28.850    4145.233     2.722   21.4279    166.531        21
  1.000   21.370   32.360    5444.441     2.944   23.1820    228.338        21
  1.000   21.350   32.400    5446.069     2.932   23.0846    227.911        22
  1.000   30.600   43.500   10479.750     3.372   26.5485    468.180        22
  1.000   18.250   28.850    4145.233     2.722   21.4279    166.531        23
  1.000   21.350   32.400    5446.069     2.932   23.0846    227.911        23
  1.000   42.300   57.400   19115.802     3.801   29.9278    894.645        23
  3.280   15.360   22.350     823.910     0.975    7.6738    117.965    3   23
  3.468   21.200   28.620    1377.309     1.112    8.7557    224.720    3   23
  1.000    6.900   14.350     779.545     1.926   15.1648     23.805        24
  1.000    7.000   14.530     800.763     1.930   15.1919     24.500        24
  1.000    7.340   14.930     862.772     1.967   15.4867     26.938        24
  5.015    3.090    4.160      20.182     0.775    6.1039      4.774        25
  5.015    3.810    5.380      32.182     0.683    5.3800      7.258        25
 10.029    3.500    4.180      11.485     0.613    4.8254      6.125        25
 10.029    4.390    5.350      18.437     0.556    4.3747      9.636        25
 10.029    5.200    6.620      27.023     0.465    3.6596     13.520        25
 10.029    6.230    8.120      39.711     0.428    3.3726     19.407        25
 10.029    8.870   11.680      81.327     0.414    3.2629     39.339        25
 20.187    3.150    3.400       4.177     0.674    5.3040      4.961        25
 20.187    4.790    5.450      10.181     0.409    3.2205     11.472        25
 20.187    5.730    6.750      15.084     0.328    2.5809     16.417        25
 20.187    6.890    8.440      22.679     0.270    2.1236     23.736        25
 20.187    9.870   12.320      47.423     0.249    1.9611     48.709        25
  5.000    3.090    4.160      20.241     0.778    6.1218      4.774        26
  5.000    3.810    5.380      32.276     0.685    5.3958      7.258        26
 10.000    3.500    4.180      11.518     0.615    4.8396      6.125        26
 10.000    4.390    5.350      18.491     0.557    4.3876      9.636        26
 10.000    5.200    6.620      27.102     0.466    3.6704     13.520        26
 10.000    6.230    8.120      39.828     0.430    3.3825     19.407        26
 20.000    1.030    1.150       0.466     0.479    3.7725      0.531        26
 20.000    1.730    1.900       1.294     0.559    4.3996      1.497        26
 20.000    2.190    2.360       2.035     0.694    5.4648      2.398        26
 20.000    2.730    2.930       3.149     0.732    5.7670      3.727        26
 20.000    3.150    3.400       4.216     0.680    5.3536      4.961        26
 20.000    4.790    5.450      10.277     0.413    3.2506     11.472        26
 20.000    5.730    6.750      15.225     0.331    2.6050     16.417        26
 20.000    6.890    8.440      22.891     0.272    2.1435     23.736        26
  1.000    0.948    5.317      39.684     1.217    9.5813      0.449        27
  1.000    0.957    5.343      40.257     1.218    9.5908      0.458        27
  1.000    0.999    5.456      42.912     1.224    9.6377      0.499        27
  1.000    1.064    5.541      46.416     1.238    9.7441      0.566        27
  1.000    1.428    6.210      69.817     1.299   10.2240      1.020        27
  1.000    1.443    6.224      70.709     1.302   10.2492      1.041        27
  1.000    1.646    6.550      84.881     1.336   10.5155      1.355        27
  1.000    1.705    6.659      89.387     1.344   10.5826      1.454        27
  1.000    1.951    7.042     108.167     1.383   10.8901      1.903        27
  1.000    1.983    7.081     110.550     1.389   10.9354      1.966        27
  1.000    2.280    7.551     135.544     1.433   11.2785      2.599        27
  1.000    2.574    7.995     162.020     1.475   11.6113      3.313    4   27
  1.000    2.607    8.070     165.636     1.477   11.6301      3.398        27
  1.000    2.643    8.131     169.193     1.482   11.6646      3.493        27
  1.000    2.715    8.231     175.939     1.492   11.7481      3.686        27
  1.000    2.722    8.223     176.222     1.495   11.7687      3.705        27
  1.000    2.735    8.269     178.054     1.494   11.7640      3.740        27
  1.000    2.741    8.339     179.955     1.490   11.7279      3.757        27
  1.000    2.885    8.480     192.611     1.516   11.9326      4.162        27
  1.000    3.043    8.781     210.371     1.530   12.0482      4.630        27
  1.000    3.117    8.916     218.800     1.538   12.1048      4.858        27
  1.000    3.160    8.948     222.615     1.546   12.1713      4.993    4   27
  1.000    3.183    9.054     226.891     1.542   12.1414      5.066        27
  1.000    3.194    8.993     226.141     1.551   12.2093      5.101        27
  1.000    3.363    9.250     244.911     1.571   12.3705      5.655        27
  1.000    3.367    9.284     246.104     1.569   12.3530      5.668        27
  1.000    3.498    9.570     263.556     1.576   12.4085      6.118    4   27
  1.000    3.585    9.673     273.018     1.589   12.5091      6.426    4   27
  1.000    3.619    9.629     274.353     1.602   12.6138      6.549    4   27
  1.000    3.684    9.793     284.038     1.603   12.6208      6.786    4   27
  1.000    3.822   10.002     300.966     1.618   12.7420      7.304    4   27
  1.000    3.953   10.127     315.172     1.640   12.9138      7.813    4   27
  1.000    4.084   10.255     329.733     1.662   13.0834      8.340    4   27
  1.000    4.268   10.585     355.677     1.676   13.1923      9.108    4   27
  1.000    4.297   10.727     362.898     1.668   13.1343      9.232    4   27
  1.000    4.594   11.111     401.869     1.705   13.4229     10.552    4   27
  1.000    4.894   11.508     443.409     1.740   13.6986     11.976    4   27
  1.000    2.490    7.850     153.890     1.465   11.5304      3.100        28
  1.000    2.790    8.360     183.633     1.501   11.8166      3.892        28
  1.000    2.940    8.590     198.830     1.520   11.9697      4.322        28
  1.000    3.080    8.780     212.905     1.540   12.1272      4.743        28
 10.000    2.730    2.930       6.298     1.465   11.5339      3.727        28

References:
1.  J. M. Walsh, M. H. Rice, R. G. Mcqueen, F. L. Yarger, Shock-wave compressions
    of twenty-seven metals equations of state of metals, Phys. Rev. 108, 196-216
    (1957)
2.  L. V. Al'tshuler, K. K. Krupnikov, B. N. Ledenev, V. I. Zhuchikhin, M. I.
    Brazhnik, Dynamical compressibility and equation of state for iron under high
    pressure, Zh. Eksp. Teor. Fiz. 34, 874-885 (1958) [in Russian] (Sov. Phys. -
    JETP 7, 606-613 (1958))
3.  L. V. Al'tshuler, S. B. Kormer, A. A. Bakanova, R. F. Trunin, Equations of
    state for aluminum, copper and lead in the high pressure region, Zh. Eksp.
    Teor. Fiz. 38, 790-798 (1960) [in Russian] (Sov. Phys. - JETP 11, 573-579
    (1960))
4.  L. V. Al'tshuler, S. B. Kormer, M. I. Brazhnik, L. A. Vladimirov, M. P.
    Speranskaya, A. I. Funtikov, The isentropic compressibility of aluminum,
    copper, lead at high pressures, Zh. Eksp. Teor. Fiz. 38(4), 1061-1073 (1960)
    [in Russian] (Sov. Phys. - JETP 11(4), 766-775 (1960))
5.  R. G. McQueen, S. P. Marsh, Equation of state for nineteen metallic elements,
    J. Appl. Phys. 31, 1253-1269 (1960)
6.  L. V. Al'tshuler, A. A. Bakanova, R. F. Trunin, Shock adiabats and zero
    isotherms of seven metals at high pressures, Zh. Eksp. Teor. Fiz. 42, 91-104
    (1962) [in Russian] (Sov. Phys. - JETP 15, 65-74 (1962))
7.  I. C. Skidmore, E. Morris, Experimental equation-of-state data for uranium and
    its interpretation in the critical region, Thermodynamics of Nuclear
    Materials, Vienna: IAEA, 173-216 (1962)
8.  K. K. Krupnikov, A. A. Bakanova, M. I. Brazhnik, R. F. Trunin, Investigation
    of shock compressibility of titanum, molybdenum, tantalum and iron, Dokl.
    Akad. Nauk SSSR 148, 1302-1305 (1963) [in Russian] (Sov. Phys. - Dokl. 8, 205
    (1963))
9.  A. S. Balchan, G. R. Cowan, J.Geophys.Res., 71, 3577 (1966)
10. L. V. Al'tshuler, B. N. Moiseev, L. V. Popov, G. V. Simakov, R. F. Trunin,
    Relative compressibility of iron and lead at pressures of 31 to 34 Mbar, Zh.
    Eksp. Teor. Fiz. 54, 785-789 (1968) [in Russian] (Sov. Phys. - JETP 27(3),
    420-422 (1968))
11. R. G. McQueen, S. P. Marsh, J. W. Taylor, J. N. Fritz, W. J. Carter, The
    equation of state of solids from shock wave studies. - In: High Velocity
    Impact Phenomena / Ed. R.Kinslow. - New-York: Academic Press, p.293-417;
    appendies on pp. 515-568 (1970).
12. R. F. Trunin, M. A. Podurets, G. V. Simakov, L. V. Popov, B. N. Moiseev,
    Experimental verification of the Thomas-Fermi model for metals under high
    pressure, Zh. Eksp. Teor. Fiz. 62(3), 1043-1048 (1972) [in Russian] (Sov.
    Phys. - JETP 35(3), 550-552 (1972))
13. L. V. Al'tshuler, B. S. Chekin, Metrology of high pulsed pressures, in:
    Proceed. of 1 All-Union Pulsed Pressures Simposium (VNIIFTRI, Moscow, 1974)
    V.1, 5-22 [in Russian]
14. L. V. Al'tshuler, N. N. Kalitkin, L. V. Kuz'mina, B. S. Chekin, Shock adiabats
    for ultrahigh pressures, Zh. Eksp. Teor. Fiz. 72(1), 317-325 (1977) [in
    Russian] (Sov. Phys. - JETP 45(1), 167-171 (1977))
15. S. P. Marsh (Ed.), LASL Shock Hugoniot Data, (Univ. California Press,
    Berkeley, 1980)
16. L. V. Al'tshuler, A. A. Bakanova, I. P. Dudoladov, E. A. Dynin, R. F. Trunin,
    B. S. Chekin, Shock adiabats for metals. New data, statistical analysis and
    general regularities, Zh. Prikl. Mekh. Tekhn. Fiz. 2, 3-34 (1981) [in Russian]
    (J. Appl. Mech. Techn. Phys. 22, 145 (1981))
17. C. E. Ragan, Shock-wave experiment at threefold compression. Phys. Rev. Ser.
    A, 29, 1391-1402 (1984).
18. R. F. Trunin, G. V. Simakov, Yu. N. Sutulov, A. B. Medvedev, B. D. Rogozkin,
    Yu. E. Fedorov, Compression of porous metals in shock waves, Zh. Eksp. Teor.
    Fiz. 96(9), 1024-1038 (1989) [in Russian] (Sov. Phys. - JETP 69(3), 580-588
    (1989))
19. R. F. Trunin, A. B. Medvedev, A. I. Funtikov, M. A. Podurets, G. V. Simakov,
    A. G. Sevast'yanov, Shock compression of porous iron, copper, and tungsten and
    their equation of state in terapascal pressure range, Zh. Eksp. Teor. Fiz. 95,
    631-641 (1989) [in Russian] (Sov. Phys. - JETP 68(2), 356-361 (1989))
20. R. S. Hixson, J. N. Fritz, Shock compression of iron, in: Shock Compression of
    Condensed Matter - 1991 (Eds S. C. Schmidt, R. D. Dick, D. G. Tasker) (North
    Holland, Amsterdam, 1992), 69-72
21. R. F. Trunin, M. A. Podurets, L. V. Popov, V. N. Zubarev, A. A. Bakanova, V.
    M. Ktitorov, A. G. Sevast'yanov, G. V. Simakov, I. P. Dudoladov, Measurement
    of the iron compressibility at pressures of 5.5 TPa, Zh. Eksp. Teor. Fiz.
    102(9), 1433-1438 (1992) [in Russian] (Sov. Phys. - JETP 75(4), 777-780
    (1992))
22. R. F. Trunin, M. A. Podurets, B. N. Moiseev, G. V. Simakov, A. G.
    Sevast'yanov, Determination of the shock compressibility of iron at pressures
    up to 10 TPa (100 Mbar), Zh. Eksp. Teor. Fiz. 103(6), 2189-2195 (1993) [in
    Russian] (Sov. Phys. - JETP 76(6), 1095-1098 (1993))
23. R. F. Trunin, Shock compressibility of condensed matters in strong shock waves
    caused by underground nuclear explosions, Usp. Fiz. Nauk 164(11), 1215-1237
    (1994) [in Russian]
24. L. V. Al'tshuler, R. F. Trunin, K.K.Krupnikov, N.V.Panov, Explosive laboratory
    devices for shock wave compression studies, Usp. Fiz. Nauk 164(5), 575-581
    (1996) [in Russian] (Phys. Usp. 39(5), 539-544 (1996))
25. R. F. Trunin, M. V. Zhernokletov, G. V. Simakov, L. F. Gudarenko,
    O.N.Gushchina, Shock compression of highly porous samples of copper, iron,
    nickel and their equation of state, Shock Compression of Condensed Matter -
    1997, Prog. Am. Phys. Society Topical Group, Amherst, Massachussets, July 27 -
    August 1, 83-86 (1998)
26. V. K. Gryaznov, V. E. Fortov, M. V. Zhernokletov, G. V. Simakov, R. F. Trunin,
    L. I. Trusov, I. L. Iosilevski, Shock compression and thermodynamics of highly
    nonideal metallic plasma, Zh. Eksp. Teor. Fiz. 114, 12421265 (1998) [in
    Russian] (Sov. Phys. - JETP 87(4), 678-690 (1998))
27. J. M. Brown, J. N. Fritz, R. S. Hixson, Hugoniot data for iron, J. Appl. Phys.
    88(9), 5496-5498 (2000)
28. R. F. Trunin, L.F.Gudarenko, M. V. Zhernokletov, G. V. Simakov, Experimental
    data on shock compressibility and adiabatic expansion of condensed substances,
    RFNC, Sarov (2001) [in Russian]

Remarks:
1. lead standard
2. Sintered
3. aluminum standard
4. light gas gun

Denotions:
R0   - normal density of substance, g/cc
R00  - initial density of sample, g/cc
P0   - initial gas pressure (for gaseous substances only), GPa
m    - porosity of sample
U    - particle velocity, km/s
D    - shock wave velocity, km/s
P    - pressure behind shock front, GPa
R/R0 - compression ratio behind shock front
R    - density behind shock front, g/cc
E-E0 - specific energy behind shock front, kJ/g
