1.000000e+00
1.910220e+05
1.000000e+00
2.600000e+01
5.584700e+01
7.850000e+00
1.930000e+12
2.980000e+02
8.360000e+02
8.120000e+02
1.000000e-20
1.353089e-20
1.830851e-20
2.477305e-20
3.352014e-20
4.535575e-20
6.137038e-20
8.303960e-20
1.123600e-19
1.520331e-19
2.057144e-19
2.783499e-19
3.766323e-19
5.096172e-19
6.895576e-19
9.330330e-19
1.262477e-18
1.708244e-18
2.311407e-18
3.127540e-18
4.231841e-18
5.726059e-18
7.747869e-18
1.048356e-17
1.418519e-17
1.919383e-17
2.597097e-17
3.514104e-17
4.754896e-17
6.433800e-17
8.705506e-17
1.177933e-16
1.593848e-16
2.156619e-16
2.918098e-16
3.948447e-16
5.342602e-16
7.229017e-16
9.781506e-16
1.323525e-15
1.790848e-15
2.423177e-15
3.278775e-15
4.436475e-15
6.002947e-15
8.122524e-15
1.099050e-14
1.487113e-14
2.012197e-14
2.722682e-14
3.684031e-14
4.984824e-14
6.744912e-14
9.126468e-14
1.234893e-13
1.670920e-13
2.260904e-13
3.059205e-13
4.139378e-13
5.600948e-13
7.578583e-13
1.025450e-12
1.387525e-12
1.877446e-12
2.540352e-12
3.437323e-12
4.651005e-12
6.293225e-12
8.515296e-12
1.152196e-11
1.559024e-11
2.109498e-11
2.854339e-11
3.862176e-11
5.225869e-11
7.071068e-11
9.567786e-11
1.294607e-10
1.751719e-10
2.370232e-10
3.207136e-10
4.339541e-10
5.871787e-10
7.945052e-10
1.075036e-09
1.454620e-09
1.968231e-09
2.663193e-09
3.603538e-09
4.875908e-09
6.597540e-09
8.927060e-09
1.207911e-08
1.634411e-08
2.211505e-08
2.992363e-08
4.048935e-08
5.478571e-08
7.412995e-08
1.003045e-07
1.357209e-07
1.836425e-07
2.484847e-07
3.362220e-07
4.549383e-07
6.155722e-07
8.329242e-07
1.127021e-06
1.524960e-06
2.063407e-06
2.791974e-06
3.777790e-06
5.111687e-06
6.916569e-06
9.358736e-06
1.266321e-05
1.713445e-05
2.318444e-05
3.137062e-05
4.244725e-05
5.743492e-05
7.771457e-05
1.051548e-04
1.422838e-04
1.925227e-04
2.605004e-04
3.524803e-04
4.769373e-04
6.453387e-04
8.732010e-04
1.181519e-03
1.598701e-03
2.163185e-03
2.926982e-03
3.960468e-03
5.358867e-03
7.251026e-03
9.811286e-03
1.327555e-02
1.796300e-02
2.430554e-02
3.288757e-02
4.449982e-02
6.021223e-02
8.147253e-02
1.102396e-01
1.491640e-01
2.018323e-01
2.730971e-01
3.695248e-01
5.000000e-01
5.726190e-01
6.452381e-01
7.178571e-01
7.904762e-01
8.630952e-01
9.357143e-01
1.008333e+00
1.080952e+00
1.153571e+00
1.226190e+00
1.298810e+00
1.371429e+00
1.444048e+00
1.516667e+00
1.589286e+00
1.661905e+00
1.734524e+00
1.807143e+00
1.879762e+00
1.952381e+00
2.025000e+00
2.097619e+00
2.170238e+00
2.242857e+00
2.315476e+00
2.388095e+00
2.460714e+00
2.533333e+00
2.605952e+00
2.678571e+00
2.751190e+00
2.823810e+00
2.896429e+00
2.969048e+00
3.041667e+00
3.114286e+00
3.186905e+00
3.259524e+00
3.332143e+00
3.404762e+00
3.477381e+00
3.550000e+00
3.622619e+00
3.695238e+00
3.767857e+00
3.840476e+00
3.913095e+00
3.985714e+00
4.058333e+00
4.130952e+00
4.203571e+00
4.276190e+00
4.348810e+00
4.421429e+00
4.494048e+00
4.566667e+00
4.639286e+00
4.711905e+00
4.784524e+00
4.857143e+00
4.929762e+00
5.002381e+00
5.075000e+00
5.147619e+00
5.220238e+00
5.292857e+00
5.365476e+00
5.438095e+00
5.510714e+00
5.583333e+00
5.655952e+00
5.728571e+00
5.801190e+00
5.873810e+00
5.946429e+00
6.019048e+00
6.091667e+00
6.164286e+00
6.236905e+00
6.309524e+00
6.382143e+00
6.454762e+00
6.527381e+00
6.600000e+00
6.607921e+00
6.615842e+00
6.623762e+00
6.631683e+00
6.639604e+00
6.647525e+00
6.655446e+00
6.663366e+00
6.671287e+00
6.679208e+00
6.687129e+00
6.695050e+00
6.702970e+00
6.710891e+00
6.718812e+00
6.726733e+00
6.734653e+00
6.742574e+00
6.750495e+00
6.758416e+00
6.766337e+00
6.774257e+00
6.782178e+00
6.790099e+00
6.798020e+00
6.805941e+00
6.813861e+00
6.821782e+00
6.829703e+00
6.837624e+00
6.845545e+00
6.853465e+00
6.861386e+00
6.869307e+00
6.877228e+00
6.885149e+00
6.893069e+00
6.900990e+00
6.908911e+00
6.916832e+00
6.924752e+00
6.932673e+00
6.940594e+00
6.948515e+00
6.956436e+00
6.964356e+00
6.972277e+00
6.980198e+00
6.988119e+00
6.996040e+00
7.003960e+00
7.011881e+00
7.019802e+00
7.027723e+00
7.035644e+00
7.043564e+00
7.051485e+00
7.059406e+00
7.067327e+00
7.075248e+00
7.083168e+00
7.091089e+00
7.099010e+00
7.106931e+00
7.114851e+00
7.122772e+00
7.130693e+00
7.138614e+00
7.146535e+00
7.154455e+00
7.162376e+00
7.170297e+00
7.178218e+00
7.186139e+00
7.194059e+00
7.201980e+00
7.209901e+00
7.217822e+00
7.225743e+00
7.233663e+00
7.241584e+00
7.249505e+00
7.257426e+00
7.265347e+00
7.273267e+00
7.281188e+00
7.289109e+00
7.297030e+00
7.304950e+00
7.312871e+00
7.320792e+00
7.328713e+00
7.336634e+00
7.344554e+00
7.352475e+00
7.360396e+00
7.368317e+00
7.376238e+00
7.384158e+00
7.392079e+00
7.400000e+00
7.431500e+00
7.463000e+00
7.494500e+00
7.526000e+00
7.557500e+00
7.589000e+00
7.620500e+00
7.652000e+00
7.683500e+00
7.715000e+00
7.746500e+00
7.778000e+00
7.809500e+00
7.841000e+00
7.850000e+00
7.872500e+00
7.904000e+00
7.935500e+00
7.967000e+00
7.998500e+00
8.030000e+00
8.061500e+00
8.093000e+00
8.124500e+00
8.156000e+00
8.187500e+00
8.219000e+00
8.250500e+00
8.282000e+00
8.313500e+00
8.345000e+00
8.376500e+00
8.408000e+00
8.439500e+00
8.471000e+00
8.502500e+00
8.534000e+00
8.565500e+00
8.597000e+00
8.628500e+00
8.660000e+00
8.691500e+00
8.723000e+00
8.754500e+00
8.786000e+00
8.817500e+00
8.849000e+00
8.880500e+00
8.912000e+00
8.943500e+00
8.975000e+00
9.006500e+00
9.038000e+00
9.069500e+00
9.101000e+00
9.132500e+00
9.164000e+00
9.195500e+00
9.227000e+00
9.258500e+00
9.290000e+00
9.321500e+00
9.353000e+00
9.384500e+00
9.416000e+00
9.447500e+00
9.479000e+00
9.510500e+00
9.542000e+00
9.573500e+00
9.605000e+00
9.636500e+00
9.668000e+00
9.699500e+00
9.731000e+00
9.762500e+00
9.794000e+00
9.825500e+00
9.857000e+00
9.888500e+00
9.920000e+00
9.951500e+00
9.983000e+00
1.001450e+01
1.004600e+01
1.007750e+01
1.010900e+01
1.014050e+01
1.017200e+01
1.020350e+01
1.023500e+01
1.026650e+01
1.029800e+01
1.032950e+01
1.036100e+01
1.039250e+01
1.042400e+01
1.045550e+01
1.048700e+01
1.051850e+01
1.055000e+01
1.058150e+01
1.061300e+01
1.064450e+01
1.067600e+01
1.070750e+01
1.073900e+01
1.077050e+01
1.080200e+01
1.083350e+01
1.086500e+01
1.089650e+01
1.092800e+01
1.095950e+01
1.099100e+01
1.102250e+01
1.105400e+01
1.108550e+01
1.111700e+01
1.114850e+01
1.118000e+01
1.121150e+01
1.124300e+01
1.127450e+01
1.130600e+01
1.133750e+01
1.136900e+01
1.140050e+01
1.143200e+01
1.146350e+01
1.149500e+01
1.152650e+01
1.155800e+01
1.158950e+01
1.162100e+01
1.165250e+01
1.168400e+01
1.171550e+01
1.174700e+01
1.177850e+01
1.181000e+01
1.184150e+01
1.187300e+01
1.190450e+01
1.193600e+01
1.196750e+01
1.199900e+01
1.203050e+01
1.206200e+01
1.209350e+01
1.212500e+01
1.215650e+01
1.218800e+01
1.221950e+01
1.225100e+01
1.228250e+01
1.231400e+01
1.234550e+01
1.237700e+01
1.240850e+01
1.244000e+01
1.247150e+01
1.250300e+01
1.253450e+01
1.256600e+01
1.259750e+01
1.262900e+01
1.266050e+01
1.269200e+01
1.272350e+01
1.275500e+01
1.278650e+01
1.281800e+01
1.284950e+01
1.288100e+01
1.291250e+01
1.294400e+01
1.297550e+01
1.300700e+01
1.303850e+01
1.307000e+01
1.310150e+01
1.313300e+01
1.316450e+01
1.319600e+01
1.322750e+01
1.325900e+01
1.329050e+01
1.332200e+01
1.335350e+01
1.338500e+01
1.341650e+01
1.344800e+01
1.347950e+01
1.351100e+01
1.354250e+01
1.357400e+01
1.360550e+01
1.363700e+01
1.366850e+01
1.370000e+01
1.373150e+01
1.376300e+01
1.379450e+01
1.382600e+01
1.385750e+01
1.388900e+01
1.392050e+01
1.395200e+01
1.398350e+01
1.401500e+01
1.404650e+01
1.407800e+01
1.410950e+01
1.414100e+01
1.417250e+01
1.420400e+01
1.423550e+01
1.426700e+01
1.429850e+01
1.433000e+01
1.436150e+01
1.439300e+01
1.442450e+01
1.445600e+01
1.448750e+01
1.451900e+01
1.455050e+01
1.458200e+01
1.461350e+01
1.464500e+01
1.467650e+01
1.470800e+01
1.473950e+01
1.477100e+01
1.480250e+01
1.483400e+01
1.486550e+01
1.489700e+01
1.492850e+01
1.496000e+01
1.499150e+01
1.502300e+01
1.505450e+01
1.508600e+01
1.511750e+01
1.514900e+01
1.518050e+01
1.521200e+01
1.524350e+01
1.527500e+01
1.530650e+01
1.533800e+01
1.536950e+01
1.540100e+01
1.543250e+01
1.546400e+01
1.549550e+01
1.552700e+01
1.555850e+01
1.559000e+01
1.562150e+01
1.565300e+01
1.568450e+01
1.571600e+01
1.574750e+01
1.577900e+01
1.581050e+01
1.584200e+01
1.587350e+01
1.590500e+01
1.593650e+01
1.596800e+01
1.599950e+01
1.603100e+01
1.606250e+01
1.609400e+01
1.612550e+01
1.615700e+01
1.618850e+01
1.622000e+01
1.625150e+01
1.628300e+01
1.631450e+01
1.634600e+01
1.637750e+01
1.640900e+01
1.644050e+01
1.647200e+01
1.650350e+01
1.653500e+01
1.656650e+01
1.659800e+01
1.662950e+01
1.666100e+01
1.669250e+01
1.672400e+01
1.675550e+01
1.678700e+01
1.681850e+01
1.685000e+01
1.688150e+01
1.691300e+01
1.694450e+01
1.697600e+01
1.700750e+01
1.703900e+01
1.707050e+01
1.710200e+01
1.713350e+01
1.716500e+01
1.719650e+01
1.722800e+01
1.725950e+01
1.729100e+01
1.732250e+01
1.735400e+01
1.738550e+01
1.741700e+01
1.744850e+01
1.748000e+01
1.751150e+01
1.754300e+01
1.757450e+01
1.760600e+01
1.763750e+01
1.766900e+01
1.770050e+01
1.773200e+01
1.776350e+01
1.779500e+01
1.782650e+01
1.785800e+01
1.788950e+01
1.792100e+01
1.795250e+01
1.798400e+01
1.801550e+01
1.804700e+01
1.807850e+01
1.811000e+01
1.814150e+01
1.817300e+01
1.820450e+01
1.823600e+01
1.826750e+01
1.829900e+01
1.833050e+01
1.836200e+01
1.839350e+01
1.842500e+01
1.845650e+01
1.848800e+01
1.851950e+01
1.855100e+01
1.858250e+01
1.861400e+01
1.864550e+01
1.867700e+01
1.870850e+01
1.874000e+01
1.877150e+01
1.880300e+01
1.883450e+01
1.886600e+01
1.889750e+01
1.892900e+01
1.896050e+01
1.899200e+01
1.902350e+01
1.905500e+01
1.908650e+01
1.911800e+01
1.914950e+01
1.918100e+01
1.921250e+01
1.924400e+01
1.927550e+01
1.930700e+01
1.933850e+01
1.937000e+01
1.940150e+01
1.943300e+01
1.946450e+01
1.949600e+01
1.952750e+01
1.955900e+01
1.959050e+01
1.962200e+01
1.965350e+01
1.968500e+01
1.971650e+01
1.974800e+01
1.977950e+01
1.981100e+01
1.984250e+01
1.987400e+01
1.990550e+01
1.993700e+01
1.996850e+01
2.000000e+01
2.010000e+01
2.020000e+01
2.030000e+01
2.040000e+01
2.050000e+01
2.060000e+01
2.070000e+01
2.080000e+01
2.090000e+01
2.100000e+01
2.110000e+01
2.120000e+01
2.130000e+01
2.140000e+01
2.150000e+01
2.160000e+01
2.170000e+01
2.180000e+01
2.190000e+01
2.200000e+01
2.210000e+01
2.220000e+01
2.230000e+01
2.240000e+01
2.250000e+01
2.260000e+01
2.270000e+01
2.280000e+01
2.290000e+01
2.300000e+01
2.310000e+01
2.320000e+01
2.330000e+01
2.340000e+01
2.350000e+01
2.360000e+01
2.370000e+01
2.380000e+01
2.390000e+01
2.400000e+01
2.410000e+01
2.420000e+01
2.430000e+01
2.440000e+01
2.450000e+01
2.460000e+01
2.470000e+01
2.480000e+01
2.490000e+01
2.500000e+01
2.510000e+01
2.520000e+01
2.530000e+01
2.540000e+01
2.550000e+01
2.560000e+01
2.570000e+01
2.580000e+01
2.590000e+01
2.600000e+01
2.610000e+01
2.620000e+01
2.630000e+01
2.640000e+01
2.650000e+01
2.660000e+01
2.670000e+01
2.680000e+01
2.690000e+01
2.700000e+01
2.710000e+01
2.720000e+01
2.730000e+01
2.740000e+01
2.750000e+01
2.760000e+01
2.770000e+01
2.780000e+01
2.790000e+01
2.800000e+01
2.810000e+01
2.820000e+01
2.830000e+01
2.840000e+01
2.850000e+01
2.860000e+01
2.870000e+01
2.880000e+01
2.890000e+01
2.900000e+01
2.910000e+01
2.920000e+01
2.930000e+01
2.940000e+01
2.950000e+01
2.960000e+01
2.970000e+01
2.980000e+01
2.990000e+01
1.000000e+00
5.000000e+01
1.000000e+02
1.220000e+02
1.440000e+02
1.660000e+02
1.880000e+02
2.100000e+02
2.320000e+02
2.540000e+02
2.760000e+02
2.980000e+02
3.200000e+02
3.420000e+02
3.640000e+02
3.860000e+02
4.080000e+02
4.300000e+02
4.520000e+02
4.740000e+02
4.960000e+02
5.180000e+02
5.400000e+02
5.620000e+02
5.840000e+02
6.060000e+02
6.280000e+02
6.500000e+02
6.720000e+02
6.940000e+02
7.160000e+02
7.380000e+02
7.600000e+02
7.820000e+02
8.040000e+02
8.260000e+02
8.480000e+02
8.700000e+02
8.920000e+02
9.140000e+02
9.360000e+02
9.580000e+02
9.800000e+02
1.002000e+03
1.024000e+03
1.046000e+03
1.068000e+03
1.090000e+03
1.112000e+03
1.134000e+03
1.156000e+03
1.178000e+03
1.200000e+03
1.222000e+03
1.244000e+03
1.266000e+03
1.288000e+03
1.310000e+03
1.332000e+03
1.354000e+03
1.376000e+03
1.398000e+03
1.420000e+03
1.442000e+03
1.464000e+03
1.486000e+03
1.508000e+03
1.530000e+03
1.552000e+03
1.574000e+03
1.596000e+03
1.618000e+03
1.640000e+03
1.662000e+03
1.684000e+03
1.706000e+03
1.728000e+03
1.750000e+03
1.752000e+03
1.754000e+03
1.756000e+03
1.758000e+03
1.760000e+03
1.762000e+03
1.764000e+03
1.766000e+03
1.768000e+03
1.770000e+03
1.772000e+03
1.774000e+03
1.776000e+03
1.778000e+03
1.780000e+03
1.782000e+03
1.784000e+03
1.786000e+03
1.788000e+03
1.790000e+03
1.792000e+03
1.794000e+03
1.796000e+03
1.798000e+03
1.800000e+03
1.802000e+03
1.804000e+03
1.806000e+03
1.808000e+03
1.810000e+03
1.812000e+03
1.814000e+03
1.816000e+03
1.818000e+03
1.820000e+03
1.822000e+03
1.824000e+03
1.826000e+03
1.828000e+03
1.830000e+03
1.832000e+03
1.834000e+03
1.836000e+03
1.838000e+03
1.840000e+03
1.842000e+03
1.844000e+03
1.846000e+03
1.848000e+03
1.850000e+03
1.852000e+03
1.854000e+03
1.856000e+03
1.858000e+03
1.860000e+03
1.862000e+03
1.864000e+03
1.866000e+03
1.868000e+03
1.870000e+03
1.872000e+03
1.874000e+03
1.876000e+03
1.878000e+03
1.880000e+03
1.882000e+03
1.884000e+03
1.886000e+03
1.888000e+03
1.890000e+03
1.892000e+03
1.894000e+03
1.896000e+03
1.898000e+03
1.900000e+03
1.902000e+03
1.904000e+03
1.906000e+03
1.908000e+03
1.910000e+03
1.912000e+03
1.914000e+03
1.916000e+03
1.918000e+03
1.920000e+03
1.922000e+03
1.924000e+03
1.926000e+03
1.928000e+03
1.930000e+03
1.932000e+03
1.934000e+03
1.936000e+03
1.938000e+03
1.940000e+03
1.942000e+03
1.944000e+03
1.946000e+03
1.948000e+03
1.950000e+03
1.986100e+03
2.022200e+03
2.058300e+03
2.094400e+03
2.130500e+03
2.166600e+03
2.202700e+03
2.238800e+03
2.274900e+03
2.311000e+03
2.347100e+03
2.383200e+03
2.419300e+03
2.455400e+03
2.491500e+03
2.527600e+03
2.563700e+03
2.599800e+03
2.635900e+03
2.672000e+03
2.708100e+03
2.744200e+03
2.780300e+03
2.816400e+03
2.852500e+03
2.888600e+03
2.924700e+03
2.960800e+03
2.996900e+03
3.033000e+03
3.069100e+03
3.105200e+03
3.141300e+03
3.177400e+03
3.213500e+03
3.249600e+03
3.285700e+03
3.321800e+03
3.357900e+03
3.394000e+03
3.430100e+03
3.466200e+03
3.502300e+03
3.538400e+03
3.574500e+03
3.610600e+03
3.646700e+03
3.682800e+03
3.718900e+03
3.755000e+03
3.791100e+03
3.827200e+03
3.863300e+03
3.899400e+03
3.935500e+03
3.971600e+03
4.007700e+03
4.043800e+03
4.079900e+03
4.116000e+03
4.152100e+03
4.188200e+03
4.224300e+03
4.260400e+03
4.296500e+03
4.332600e+03
4.368700e+03
4.404800e+03
4.440900e+03
4.477000e+03
4.513100e+03
4.549200e+03
4.585300e+03
4.621400e+03
4.657500e+03
4.693600e+03
4.729700e+03
4.765800e+03
4.801900e+03
4.838000e+03
4.874100e+03
4.910200e+03
4.946300e+03
4.982400e+03
5.018500e+03
5.054600e+03
5.090700e+03
5.126800e+03
5.162900e+03
5.199000e+03
5.235100e+03
5.271200e+03
5.307300e+03
5.343400e+03
5.379500e+03
5.415600e+03
5.451700e+03
5.487800e+03
5.523900e+03
5.560000e+03
5.596100e+03
5.632200e+03
5.668300e+03
5.704400e+03
5.740500e+03
5.776600e+03
5.812700e+03
5.848800e+03
5.884900e+03
5.921000e+03
5.957100e+03
5.993200e+03
6.029300e+03
6.065400e+03
6.101500e+03
6.137600e+03
6.173700e+03
6.209800e+03
6.245900e+03
6.282000e+03
6.318100e+03
6.354200e+03
6.390300e+03
6.426400e+03
6.462500e+03
6.498600e+03
6.534700e+03
6.570800e+03
6.606900e+03
6.643000e+03
6.679100e+03
6.715200e+03
6.751300e+03
6.787400e+03
6.823500e+03
6.859600e+03
6.895700e+03
6.931800e+03
6.967900e+03
7.004000e+03
7.040100e+03
7.076200e+03
7.112300e+03
7.148400e+03
7.184500e+03
7.220600e+03
7.256700e+03
7.292800e+03
7.328900e+03
7.365000e+03
7.401100e+03
7.437200e+03
7.473300e+03
7.509400e+03
7.545500e+03
7.581600e+03
7.617700e+03
7.653800e+03
7.689900e+03
7.726000e+03
7.762100e+03
7.798200e+03
7.834300e+03
7.870400e+03
7.906500e+03
7.942600e+03
7.978700e+03
8.014800e+03
8.050900e+03
8.087000e+03
8.123100e+03
8.159200e+03
8.195300e+03
8.231400e+03
8.267500e+03
8.303600e+03
8.339700e+03
8.375800e+03
8.411900e+03
8.448000e+03
8.484100e+03
8.520200e+03
8.556300e+03
8.592400e+03
8.628500e+03
8.664600e+03
8.700700e+03
8.736800e+03
8.772900e+03
8.809000e+03
8.845100e+03
8.881200e+03
8.917300e+03
8.953400e+03
8.989500e+03
9.025600e+03
9.061700e+03
9.097800e+03
9.133900e+03
9.170000e+03
9.206100e+03
9.242200e+03
9.278300e+03
9.314400e+03
9.350500e+03
9.386600e+03
9.422700e+03
9.458800e+03
9.494900e+03
9.531000e+03
9.567100e+03
9.603200e+03
9.639300e+03
9.675400e+03
9.711500e+03
9.747600e+03
9.783700e+03
9.819800e+03
9.855900e+03
9.892000e+03
9.928100e+03
9.964200e+03
1.000030e+04
1.003640e+04
1.007250e+04
1.010860e+04
1.014470e+04
1.018080e+04
1.021690e+04
1.025300e+04
1.028910e+04
1.032520e+04
1.036130e+04
1.039740e+04
1.043350e+04
1.046960e+04
1.050570e+04
1.054180e+04
1.057790e+04
1.061400e+04
1.065010e+04
1.068620e+04
1.072230e+04
1.075840e+04
1.079450e+04
1.083060e+04
1.086670e+04
1.090280e+04
1.093890e+04
1.097500e+04
1.101110e+04
1.104720e+04
1.108330e+04
1.111940e+04
1.115550e+04
1.119160e+04
1.122770e+04
1.126380e+04
1.129990e+04
1.133600e+04
1.137210e+04
1.140820e+04
1.144430e+04
1.148040e+04
1.151650e+04
1.155260e+04
1.158870e+04
1.162480e+04
1.166090e+04
1.169700e+04
1.173310e+04
1.176920e+04
1.180530e+04
1.184140e+04
1.187750e+04
1.191360e+04
1.194970e+04
1.198580e+04
1.202190e+04
1.205800e+04
1.209410e+04
1.213020e+04
1.216630e+04
1.220240e+04
1.223850e+04
1.227460e+04
1.231070e+04
1.234680e+04
1.238290e+04
1.241900e+04
1.245510e+04
1.249120e+04
1.252730e+04
1.256340e+04
1.259950e+04
1.263560e+04
1.267170e+04
1.270780e+04
1.274390e+04
1.278000e+04
1.281610e+04
1.285220e+04
1.288830e+04
1.292440e+04
1.296050e+04
1.299660e+04
1.303270e+04
1.306880e+04
1.310490e+04
1.314100e+04
1.317710e+04
1.321320e+04
1.324930e+04
1.328540e+04
1.332150e+04
1.335760e+04
1.339370e+04
1.342980e+04
1.346590e+04
1.350200e+04
1.353810e+04
1.357420e+04
1.361030e+04
1.364640e+04
1.368250e+04
1.371860e+04
1.375470e+04
1.379080e+04
1.382690e+04
1.386300e+04
1.389910e+04
1.393520e+04
1.397130e+04
1.400740e+04
1.404350e+04
1.407960e+04
1.411570e+04
1.415180e+04
1.418790e+04
1.422400e+04
1.426010e+04
1.429620e+04
1.433230e+04
1.436840e+04
1.440450e+04
1.444060e+04
1.447670e+04
1.451280e+04
1.454890e+04
1.458500e+04
1.462110e+04
1.465720e+04
1.469330e+04
1.472940e+04
1.476550e+04
1.480160e+04
1.483770e+04
1.487380e+04
1.490990e+04
1.494600e+04
1.498210e+04
1.501820e+04
1.505430e+04
1.509040e+04
1.512650e+04
1.516260e+04
1.519870e+04
1.523480e+04
1.527090e+04
1.530700e+04
1.534310e+04
1.537920e+04
1.541530e+04
1.545140e+04
1.548750e+04
1.552360e+04
1.555970e+04
1.559580e+04
1.563190e+04
1.566800e+04
1.570410e+04
1.574020e+04
1.577630e+04
1.581240e+04
1.584850e+04
1.588460e+04
1.592070e+04
1.595680e+04
1.599290e+04
1.602900e+04
1.606510e+04
1.610120e+04
1.613730e+04
1.617340e+04
1.620950e+04
1.624560e+04
1.628170e+04
1.631780e+04
1.635390e+04
1.639000e+04
1.642610e+04
1.646220e+04
1.649830e+04
1.653440e+04
1.657050e+04
1.660660e+04
1.664270e+04
1.667880e+04
1.671490e+04
1.675100e+04
1.678710e+04
1.682320e+04
1.685930e+04
1.689540e+04
1.693150e+04
1.696760e+04
1.700370e+04
1.703980e+04
1.707590e+04
1.711200e+04
1.714810e+04
1.718420e+04
1.722030e+04
1.725640e+04
1.729250e+04
1.732860e+04
1.736470e+04
1.740080e+04
1.743690e+04
1.747300e+04
1.750910e+04
1.754520e+04
1.758130e+04
1.761740e+04
1.765350e+04
1.768960e+04
1.772570e+04
1.776180e+04
1.779790e+04
1.783400e+04
1.787010e+04
1.790620e+04
1.794230e+04
1.797840e+04
1.801450e+04
1.805060e+04
1.808670e+04
1.812280e+04
1.815890e+04
1.819500e+04
1.823110e+04
1.826720e+04
1.830330e+04
1.833940e+04
1.837550e+04
1.841160e+04
1.844770e+04
1.848380e+04
1.851990e+04
1.855600e+04
1.859210e+04
1.862820e+04
1.866430e+04
1.870040e+04
1.873650e+04
1.877260e+04
1.880870e+04
1.884480e+04
1.888090e+04
1.891700e+04
1.895310e+04
1.898920e+04
1.902530e+04
1.906140e+04
1.909750e+04
1.913360e+04
1.916970e+04
1.920580e+04
1.924190e+04
1.927800e+04
1.931410e+04
1.935020e+04
1.938630e+04
1.942240e+04
1.945850e+04
1.949460e+04
1.953070e+04
1.956680e+04
1.960290e+04
1.963900e+04
1.967510e+04
1.971120e+04
1.974730e+04
1.978340e+04
1.981950e+04
1.985560e+04
1.989170e+04
1.992780e+04
1.996390e+04
2.000000e+04
2.094118e+04
2.188235e+04
2.282353e+04
2.376471e+04
2.470588e+04
2.564706e+04
2.658824e+04
2.752941e+04
2.847059e+04
2.941176e+04
3.035294e+04
3.129412e+04
3.223529e+04
3.317647e+04
3.411765e+04
3.505882e+04
3.600000e+04
3.694118e+04
3.788235e+04
3.882353e+04
3.976471e+04
4.070588e+04
4.164706e+04
4.258824e+04
4.352941e+04
4.447059e+04
4.541176e+04
4.635294e+04
4.729412e+04
4.823529e+04
4.917647e+04
5.011765e+04
5.105882e+04
5.200000e+04
5.294118e+04
5.388235e+04
5.482353e+04
5.576471e+04
5.670588e+04
5.764706e+04
5.858824e+04
5.952941e+04
6.047059e+04
6.141176e+04
6.235294e+04
6.329412e+04
6.423529e+04
6.517647e+04
6.611765e+04
6.705882e+04
6.800000e+04
6.894118e+04
6.988235e+04
7.082353e+04
7.176471e+04
7.270588e+04
7.364706e+04
7.458824e+04
7.552941e+04
7.647059e+04
7.741176e+04
7.835294e+04
7.929412e+04
8.023529e+04
8.117647e+04
8.211765e+04
8.305882e+04
8.400000e+04
8.494118e+04
8.588235e+04
8.682353e+04
8.776471e+04
8.870588e+04
8.964706e+04
9.058824e+04
9.152941e+04
9.247059e+04
9.341176e+04
9.435294e+04
9.529412e+04
9.623529e+04
9.717647e+04
9.811765e+04
9.905882e+04
1.000000e+05
1.096478e+05
1.202264e+05
1.318257e+05
1.445440e+05
1.584893e+05
1.737801e+05
1.905461e+05
2.089296e+05
2.290868e+05
2.511886e+05
2.754229e+05
3.019952e+05
3.311311e+05
3.630781e+05
3.981072e+05
4.365158e+05
4.786301e+05
5.248075e+05
5.754399e+05
6.309573e+05
6.918310e+05
7.585776e+05
8.317638e+05
9.120108e+05
1.000000e+06
1.096478e+06
1.202264e+06
1.318257e+06
1.445440e+06
1.584893e+06
1.737801e+06
1.905461e+06
2.089296e+06
2.290868e+06
2.511886e+06
2.754229e+06
3.019952e+06
3.311311e+06
3.630781e+06
3.981072e+06
4.365158e+06
4.786301e+06
5.248075e+06
5.754399e+06
6.309573e+06
6.918310e+06
7.585776e+06
8.317638e+06
9.120108e+06
